0
1
2
3
4
5
6
7
8
9
10
11
12
13
24
25
26
27
28
29
30
31
42
43
44
45
46
47
48
49
50
51
52
53
54
55
56
57
58
59
60
61
62
63
64
65
66
67
68
69
80
81
82
83
84
85
86
87
98
99
100
101
102
103
104
105
106
107
108
109
110
111
112
113
114
115
116
117
118
119
120
121
122
123
124
125
136
137
138
139
140
141
142
143
154
155
156
157
158
159
160
161
162
163
164
165
166
167
168
169
170
171
172
173
174
175
176
177
178
179
180
181
192
193
194
195
196
197
198
199
210
211
212
213
214
215
216
217
218
219
220
221
222
223
224
225
226
227
228
229
230
231
232
233
234
235
236
237
248
249
250
251
252
253
254
255
266
267
268
269
270
271
272
273
274
275
276
277
278
279
280
281
282
283
284
285
286
287
288
289
290
291
292
293
304
305
306
307
308
309
310
311
322
323
324
325
326
327
328
329
330
331
332
333
334
335
336
337
338
339
340
341
386
387
388
389
390
391
392
393
394
395
396
397
442
443
444
445
446
447
448
449
450
451
452
453
498
499
500
501
502
503
504
505
506
507
508
509
554
555
556
557
558
559
560
561
562
563
564
565
584
585
586
587
588
589
590
591
610
611
612
613
614
615
616
617
618
619
620
621
640
641
642
643
644
645
646
647
666
667
668
669
670
671
672
673
674
675
676
677
696
697
698
699
700
701
702
703
722
723
724
725
726
727
728
729
730
731
732
733
752
753
754
755
756
757
758
759
778
779
780
781
782
783
1032
1033
1034
1035
1036
1037
1038
1039
1088
1089
1090
1091
1092
1093
1094
1095
1144
1145
1146
1147
1148
1149
1150
1151
1200
1201
1202
1203
1204
1205
1206
1207
1256
1257
1258
1259
1260
1261
1262
1263
1312
1313
1314
1315
1316
1317
1318
1319
1344
1345
1346
1347
1348
1349
1354
1355
1356
1357
1362
1363
1364
1365
1366
1367
1376
1377
1378
1379
1380
1381
1386
1387
1388
1389
1394
1395
1396
1397
1398
1399
1400
1401
1402
1403
1404
1405
1410
1411
1412
1413
1418
1419
1420
1421
1422
1423
1432
1433
1434
1435
1436
1437
1442
1443
1444
1445
1450
1451
1452
1453
1454
1455
1456
1457
1458
1459
1460
1461
1466
1467
1468
1469
1474
1475
1476
1477
1478
1479
1488
1489
1490
1491
1492
1493
1498
1499
1500
1501
1506
1507
1508
1509
1510
1511
1512
1513
1514
1515
1516
1517
1522
1523
1524
1525
1530
1531
1532
1533
1534
1535
1544
1545
1546
1547
1548
1549
1554
1555
1556
1557
1562
1563
1564
1565
1566
1567
1568
1569
1570
1571
1572
1573
1578
1579
1580
1581
1586
1587
1588
1589
1590
1591
1600
1601
1602
1603
1604
1605
1610
1611
1612
1613
1618
1619
1620
1621
1622
1623
1624
1625
1626
1627
1628
1629
1634
1635
1636
1637
1642
1643
1644
1645
1646
1647
1656
1657
1658
1659
1660
1661
1666
1667
1668
1669
1674
1675
1676
1677
1678
1679
1680
1681
1682
1683
1684
1685
1690
1691
1692
1693
1698
1699
1700
1701
1702
1703
1712
1713
1714
1715
1716
1717
1722
1723
1724
1725
1730
1731
1732
1733
1734
1735
1736
1737
1738
1739
1740
1741
1746
1747
1748
1749
1754
1755
1756
1757
1758
1759
1768
1769
1770
1771
1772
1773
1778
1779
1780
1781
1786
1787
1788
1789
1790
1791
1816
1817
1818
1819
1820
1821
1822
1823
1872
1873
1874
1875
1876
1877
1878
1879
1928
1929
1930
1931
1932
1933
1934
1935
1984
1985
1986
1987
1988
1989
1990
1991
2040
2041
2042
2043
2044
2045
2046
2047
2096
2097
2098
2099
2100
2101
2102
2103
2352
2353
2354
2355
2356
2357
2376
2377
2378
2379
2380
2381
2382
2383
2402
2403
2404
2405
2406
2407
2408
2409
2410
2411
2412
2413
2432
2433
2434
2435
2436
2437
2438
2439
2458
2459
2460
2461
2462
2463
2464
2465
2466
2467
2468
2469
2488
2489
2490
2491
2492
2493
2494
2495
2514
2515
2516
2517
2518
2519
2520
2521
2522
2523
2524
2525
2544
2545
2546
2547
2548
2549
2550
2551
2570
2571
2572
2573
2574
2575
2576
2577
2578
2579
2580
2581
2626
2627
2628
2629
2630
2631
2632
2633
2634
2635
2636
2637
2682
2683
2684
2685
2686
2687
2688
2689
2690
2691
2692
2693
2738
2739
2740
2741
2742
2743
2744
2745
2746
2747
2748
2749
2794
2795
2796
2797
2798
2799
2800
2801
2802
2803
2804
2805
2806
2807
2808
2809
2810
2811
2812
2813
2824
2825
2826
2827
2828
2829
2830
2831
2842
2843
2844
2845
2846
2847
2848
2849
2850
2851
2852
2853
2854
2855
2856
2857
2858
2859
2860
2861
2862
2863
2864
2865
2866
2867
2868
2869
2880
2881
2882
2883
2884
2885
2886
2887
2898
2899
2900
2901
2902
2903
2904
2905
2906
2907
2908
2909
2910
2911
2912
2913
2914
2915
2916
2917
2918
2919
2920
2921
2922
2923
2924
2925
2936
2937
2938
2939
2940
2941
2942
2943
2954
2955
2956
2957
2958
2959
2960
2961
2962
2963
2964
2965
2966
2967
2968
2969
2970
2971
2972
2973
2974
2975
2976
2977
2978
2979
2980
2981
2992
2993
2994
2995
2996
2997
2998
2999
3010
3011
3012
3013
3014
3015
3016
3017
3018
3019
3020
3021
3022
3023
3024
3025
3026
3027
3028
3029
3030
3031
3032
3033
3034
3035
3036
3037
3048
3049
3050
3051
3052
3053
3054
3055
3066
3067
3068
3069
3070
3071
3072
3073
3074
3075
3076
3077
3078
3079
3080
3081
3082
3083
3084
3085
3086
3087
3088
3089
3090
3091
3092
3093
3104
3105
3106
3107
3108
3109
3110
3111
3122
3123
3124
3125
3126
3127
3128
3129
3130
3131
3132
3133
3134
3135